sample_id locus_01 locus_02 locus_03 locus_04 locus_05 locus_06 locus_07 locus_08 locus_09 locus_10
1 0 0 0 0 2 0 1 0 0 2
2 0 0 0 0 0 0 1 0 0 0
3 -9 0 0 0 1 1 1 1 0 0
4 0 0 0 0 0 0 0 2 0 1
5 -9 0 0 0 0 0 0 -9 0 -9
6 -9 -9 -9 0 1 0 0 -9 0 0
7 0 0 0 0 1 0 0 0 0 0
8 -9 -9 -9 0 0 1 -9 -9 0 -9
9 0 0 0 0 0 1 0 0 0 0
10 0 0 0 0 2 0 0 0 0 -9
11 0 0 0 0 0 0 0 0 1 0
12 0 0 0 0 2 0 0 1 0 0
13 0 0 0 0 0 0 0 0 0 0
14 0 0 0 1 0 0 1 0 0 0
15 0 0 0 0 0 0 1 0 0 0
16 0 0 0 0 0 0 0 0 0 0
17 0 0 0 0 0 1 0 0 0 0
18 0 0 0 0 0 1 0 0 0 0
19 0 0 0 0 0 1 0 0 0 0
20 0 0 0 0 0 0 1 1 0 0
21 0 0 0 0 0 1 0 1 0 0
22 0 -9 0 0 1 0 0 -9 0 -9
23 0 -9 -9 0 0 1 1 0 0 -9
24 0 0 0 0 0 0 2 0 1 0
25 0 0 0 0 1 0 0 2 0 0
26 0 0 0 0 0 0 0 1 0 0
27 0 0 0 0 0 0 0 0 0 0
28 0 0 0 0 0 0 0 1 0 0
29 0 0 0 0 2 0 0 2 0 0
30 0 0 0 0 1 0 1 0 0 0
